-1002690458
-1007380239
-1025886865
-1090847971
-1153898704
-117118903145
-1174646815
-1218054568
-1231267014
-1243361906
-1260790447
-1278051279
-1284961703
-1296425507
-1337710146
-134491195
-135783013
-1390447308
-1400738501
-1449235477
-1528918114
-1567484700
-1627030624
-1647413099
-1675222121
-1699688427
-1709005712
-171182221
-171967827
-1813740965
-1850928408
-189012883
-1966454368
-1968925663
-1979690726
-1989774672
-2038263889
-2073726012
-2076244187
-2125155448
-2141551899
-21758
-257277437
-27149270
-298567655
-309807727
-359325704
-407474912
-433664663
-453097265
-537408459
-603663592
-611829433
-636335166
-663162126
-783901070
-832798848
-837628466
-841878285
-850418298
-872552281
-972330367
-98141769
101608458
10292992
104192976
1073986479
1125831705
1158762095
1193133207
123338
1243069581
12620
13279131
1380281233
1388582293
1478844
1486378202
1541555765
15513011603
1566133811
1589551727
1608365763
1616083728
1653942124
1659596317
16822362
1728383247
1766359606
1788714645
1792133092
1796811328
1824281596
1862949842
1883225700
1919300996
1929138078
1937132094
1958993445
1961838222
1994462800
2006386677
2029555703
2034376196
204123960
2048971879
205828535
2065486297
2078115898
223805544
2308640
237634118
238900086
305368858
33480944
343145341
3446902
37922
388838627
389665848
39372
439607301
46623432
49619070
504734887
532415564
542630838
598080973
604893202
616843740
636304433
646887542
704429530
747047161
759107283
78863185
799683920
80569859
823659532
8478844
867832618049646
901531500
926466919
928574289
94637031
992815959
259028401806153769